fid: 199.59678649902344
clip_iqa: 0.6586544245481492
