fid: 232.70521545410156
clip_iqa: 0.741891610622406
