fid: 158.68077087402344
clip_iqa: 0.908499613404274
