fid: 121.1153564453125
clip_iqa: 0.7042508378624917
