fid: 114.5727310180664
clip_iqa: 0.8883359789848327
