fid: 92.05120086669922
clip_iqa: 0.8293081283569336
