fid: 251.3065948486328
clip_iqa: 0.9160212427377701
