fid: 284.2479553222656
clip_iqa: 0.9266009658575058
