fid: 231.6422119140625
clip_iqa: 0.9103762030601501
