fid: 224.8219757080078
clip_iqa: 0.8480949357151986
