fid: 150.10935974121094
clip_iqa: 0.8103992342948914
