fid: 251.46356201171875
clip_iqa: 0.8989910036325455
