fid: 238.08778381347656
clip_iqa: 0.7752795606851578
