fid: 168.02435302734375
clip_iqa: 0.8426574110984802
