fid: 243.91400146484375
clip_iqa: 0.9164695322513581
