fid: 299.46673583984375
clip_iqa: 0.9208351224660873
