fid: 159.04837036132812
clip_iqa: 0.8132803559303283
