fid: 188.1372833251953
clip_iqa: 0.8810297757387161
