fid: 241.15142822265625
clip_iqa: 0.9090432167053223
