fid: 248.69879150390625
clip_iqa: 0.8872777491807937
