fid: 267.8659973144531
clip_iqa: 0.9110891103744507
