fid: 123.46358489990234
clip_iqa: 0.8726248443126678
