fid: 192.11056518554688
clip_iqa: 0.8534267872571946
