fid: 128.7266387939453
clip_iqa: 0.7597486913204193
