fid: 254.4654998779297
clip_iqa: 0.48842617571353913
