fid: 200.1756591796875
clip_iqa: 0.8852194577455521
