fid: 242.1599884033203
clip_iqa: 0.9081559628248215
