fid: 193.140625
clip_iqa: 0.932652673125267
