fid: 279.65008544921875
clip_iqa: 0.9254908978939056
