fid: 170.0640106201172
clip_iqa: 0.8971821129322052
