fid: 134.79180908203125
clip_iqa: 0.9170426815748215
