fid: 217.2841033935547
clip_iqa: 0.9242826372385025
