fid: 198.08340454101562
clip_iqa: 0.8688456058502197
