fid: 192.93629455566406
clip_iqa: 0.8603839695453643
