fid: 200.19424438476562
clip_iqa: 0.9109474897384644
