fid: 185.93370056152344
clip_iqa: 0.7855061054229736
