fid: 163.2477569580078
clip_iqa: 0.805356839299202
