fid: 145.4284210205078
clip_iqa: 0.820812126994133
