fid: 169.44810485839844
clip_iqa: 0.8049854218959809
