fid: 250.59274291992188
clip_iqa: 0.8673091351985931
