fid: 243.02874755859375
clip_iqa: 0.8620216220617294
