fid: 225.2259063720703
clip_iqa: 0.8382070660591125
