fid: 240.16233825683594
clip_iqa: 0.8760260343551636
