fid: 170.10182189941406
clip_iqa: 0.8294284403324127
