fid: 261.921142578125
clip_iqa: 0.8653930604457856
