fid: 218.6983184814453
clip_iqa: 0.8689768821001053
