fid: 224.09376525878906
clip_iqa: 0.8523799121379853
