fid: 232.5865936279297
clip_iqa: 0.8786827117204666
