fid: 162.77110290527344
clip_iqa: 0.80867820084095
