fid: 240.47470092773438
clip_iqa: 0.8429888695478439
