fid: 245.2515106201172
clip_iqa: 0.876591083407402
