fid: 167.0107879638672
clip_iqa: 0.8016938954591751
