fid: 183.12913513183594
clip_iqa: 0.8230314403772354
