fid: 182.06031799316406
clip_iqa: 0.846617466211319
