fid: 164.0911407470703
clip_iqa: 0.8105168610811233
