fid: 167.9529571533203
clip_iqa: 0.8112997084856033
