fid: 247.05697631835938
clip_iqa: 0.8806363314390182
