fid: 183.86868286132812
clip_iqa: 0.8066438406705856
