fid: 184.1748046875
clip_iqa: 0.8107218265533447
