fid: 245.15383911132812
clip_iqa: 0.8533912479877472
