fid: 162.81497192382812
clip_iqa: 0.8255568444728851
