fid: 180.42088317871094
clip_iqa: 0.7913120657205581
