fid: 242.30419921875
clip_iqa: 0.8425374060869217
