fid: 241.20318603515625
clip_iqa: 0.8682546615600586
