fid: 164.372314453125
clip_iqa: 0.799027107656002
