fid: 242.70716857910156
clip_iqa: 0.9204466700553894
