fid: 213.8897705078125
clip_iqa: 0.8577064514160156
