fid: 165.0766143798828
clip_iqa: 0.7924569547176361
