fid: 251.32498168945312
clip_iqa: 0.865039610862732
