fid: 261.16217041015625
clip_iqa: 0.8964526891708374
