fid: 177.94033813476562
clip_iqa: 0.8001985937356949
