fid: 173.09527587890625
clip_iqa: 0.8074892610311508
