psnr: 11.710498287795827
ssim: 0.5090259836972605
