psnr: 11.731975679424666
ssim: 0.5246205012141827
