psnr: 17.65286292266005
ssim: 0.596690890865442
