psnr: 17.13171613804904
ssim: 0.5896428713732633
