psnr: 16.706790387226643
ssim: 0.6081794659661349
