psnr: 11.740017301767212
ssim: 0.5264599203901016
