psnr: 16.722707655012357
ssim: 0.4572638530523092
