psnr: 12.949441273694015
ssim: 0.31436632410758536
