psnr: 13.365933452587292
ssim: 0.32780473246369346
