psnr: 13.532865856945627
ssim: 0.3241556423873207
