psnr: 15.00384321264758
ssim: 0.3952952859088568
