psnr: 15.548819001995957
ssim: 0.4161625453094584
